"Status","Start Time","Stop Time","Duration in ms","Parent Suite","Suite","Sub Suite","Test Class","Test Method","Name","Description"
"passed","Wed Nov 08 14:16:11 GMT 2023","Wed Nov 08 14:16:11 GMT 2023","1","Waku Store, error handling","","","","","Query with Ordered Callback, No message returned",""
"passed","Wed Nov 08 14:16:51 GMT 2023","Wed Nov 08 14:16:51 GMT 2023","1","Util: toAsyncIterator: Filter","","","","","creates an iterator",""
"passed","Wed Nov 08 14:14:10 GMT 2023","Wed Nov 08 14:14:10 GMT 2023","0","Waku Message Ephemeral field","","","","","Ephemeral field is preserved - symmetric encryption",""
"passed","Wed Nov 08 14:15:05 GMT 2023","Wed Nov 08 14:15:05 GMT 2023","1","Waku Relay, Subscribe","","","","","Subscribe to topic containing unicode special characters and publish message",""
"passed","Wed Nov 08 14:16:14 GMT 2023","Wed Nov 08 14:16:14 GMT 2023","1","Waku Light Push","","","","","Push message with content topic containing XML",""
"passed","Wed Nov 08 14:16:43 GMT 2023","Wed Nov 08 14:16:43 GMT 2023","0","Waku Store, time filter","","","","","msgTime: -19000 ms from now, startTime: -19010, endTime: -18990",""
"passed","Wed Nov 08 14:16:14 GMT 2023","Wed Nov 08 14:16:14 GMT 2023","1","Waku Light Push","","","","","Push 30 different messages",""
"passed","Wed Nov 08 14:15:52 GMT 2023","Wed Nov 08 14:15:52 GMT 2023","1","Waku Filter V2: FilterPush","","","","","Check message with no content topic is not received",""
"passed","Wed Nov 08 14:13:23 GMT 2023","Wed Nov 08 14:13:23 GMT 2023","1","ENR waku2 codec","Encoding","","","","should be able to encode the field with only FILTER set to true",""
"passed","Wed Nov 08 14:13:23 GMT 2023","Wed Nov 08 14:13:23 GMT 2023","0","ENR waku2 codec","Encoding","","","","should be able to encode the field with ALL protocols set to false",""
"passed","Wed Nov 08 14:16:32 GMT 2023","Wed Nov 08 14:16:32 GMT 2023","0","Peer Exchange","Compliance Test","interface-peer-discovery compliance tests","","","can start and stop the service",""
"passed","Wed Nov 08 14:15:47 GMT 2023","Wed Nov 08 14:15:47 GMT 2023","1","Waku Filter V2: Subscribe","","","","","Subscribe and receives messages on 20 topics",""
"passed","Wed Nov 08 14:14:46 GMT 2023","Wed Nov 08 14:14:46 GMT 2023","0","Waku Relay, multiple pubsub topics","","","","","n1 and n2 uses a custom pubsub, n3 uses the default pubsub",""
"passed","Wed Nov 08 14:15:05 GMT 2023","Wed Nov 08 14:15:05 GMT 2023","1","Waku Relay, Publish","","","","","Check publish message containing Arabic",""
"passed","Wed Nov 08 14:16:14 GMT 2023","Wed Nov 08 14:16:14 GMT 2023","0","Waku Light Push","","","","","Push message with Russian payload",""
"passed","Wed Nov 08 14:14:07 GMT 2023","Wed Nov 08 14:14:07 GMT 2023","1","ConnectionManager","Dials","dialPeer method > For peer-exchange peers","","","should be called for peers with PEER_EXCHANGE tags",""
"passed","Wed Nov 08 14:16:14 GMT 2023","Wed Nov 08 14:16:14 GMT 2023","3","Waku Light Push","","","","","Push message with special chars payload",""
"passed","Wed Nov 08 14:15:47 GMT 2023","Wed Nov 08 14:15:47 GMT 2023","0","Waku Filter V2: Subscribe","","","","","Subscribe to topic containing escaped characters and receive message",""
"passed","Wed Nov 08 14:15:05 GMT 2023","Wed Nov 08 14:15:05 GMT 2023","1","Waku Relay, Subscribe","","","","","Subscribe to topic containing Script and publish message",""
"passed","Wed Nov 08 14:14:40 GMT 2023","Wed Nov 08 14:14:40 GMT 2023","0","Waku Filter V2: Unsubscribe","","","","","Unsubscribe 2 topics - node subscribed to 2 topics",""
"passed","Wed Nov 08 14:15:05 GMT 2023","Wed Nov 08 14:15:05 GMT 2023","1","Waku Relay, Publish","","","","","Check publish message containing shell command",""
"passed","Wed Nov 08 14:16:03 GMT 2023","Wed Nov 08 14:16:03 GMT 2023","0","Waku Store, custom pubsub topic","","","","","Generator, 2 different pubsubtopics",""
"passed","Wed Nov 08 14:13:31 GMT 2023","Wed Nov 08 14:13:31 GMT 2023","0","Message Validator","","","","","Rejects garbage",""
"passed","Wed Nov 08 14:14:46 GMT 2023","Wed Nov 08 14:14:46 GMT 2023","1","Waku Relay, multiple pubsub topics","","","","","3 nodes on /some/pubsub/topic topic",""
"passed","Wed Nov 08 14:16:14 GMT 2023","Wed Nov 08 14:16:14 GMT 2023","1","Waku Light Push","","","","","Push message with shell command payload",""
"passed","Wed Nov 08 14:13:23 GMT 2023","Wed Nov 08 14:13:23 GMT 2023","0","ENR waku2 codec","Decoding","","","","should be able to decode the field with only STORE set to true",""
"passed","Wed Nov 08 14:15:52 GMT 2023","Wed Nov 08 14:15:52 GMT 2023","4","Waku Filter V2: FilterPush","","","","","Check received message with timestamp: 1699452839186000000 ",""
"passed","Wed Nov 08 14:15:47 GMT 2023","Wed Nov 08 14:15:47 GMT 2023","0","Waku Filter V2: Subscribe","","","","","Subscribe and receive messages via waku relay post",""
"passed","Wed Nov 08 14:16:32 GMT 2023","Wed Nov 08 14:16:32 GMT 2023","0","Peer Exchange","Locally Run Nodes","","","","nwaku interop",""
"passed","Wed Nov 08 14:13:46 GMT 2023","Wed Nov 08 14:13:46 GMT 2023","1","Ensures content topic is defined","","","","","Decoder throws on empty string content topic",""
"passed","Wed Nov 08 14:16:43 GMT 2023","Wed Nov 08 14:16:43 GMT 2023","0","Waku Store, time filter","","","","","msgTime: -19000 ms from now, startTime: -19002, endTime: -19001",""
"passed","Wed Nov 08 14:14:25 GMT 2023","Wed Nov 08 14:14:25 GMT 2023","1","Waku Light Push : Multiple PubsubTopics","","","","","Light push messages to 2 nwaku nodes each with different pubsubtopics",""
"passed","Wed Nov 08 14:13:23 GMT 2023","Wed Nov 08 14:13:23 GMT 2023","0","Relay Shard codec","","","","","should handle a minimal index list",""
"skipped","Wed Nov 08 14:13:39 GMT 2023","Wed Nov 08 14:13:39 GMT 2023","0","DNS Node Discovery [live data]","","","","","should retrieve 3 multiaddrs for prod.waku.nodes.status.im",""
"passed","Wed Nov 08 14:16:11 GMT 2023","Wed Nov 08 14:16:11 GMT 2023","1","Waku Store, error handling","","","","","Query Generator, Multiple PubsubTopics",""
"passed","Wed Nov 08 14:13:23 GMT 2023","Wed Nov 08 14:13:23 GMT 2023","1","ENR waku2 codec","Encoding","","","","should be able to encode the field with STORE and LIGHTPUSH protocols set to true",""
"passed","Wed Nov 08 14:13:24 GMT 2023","Wed Nov 08 14:13:24 GMT 2023","0","ENR","Multiaddr getters and setters","","","","should get / set UDP multiaddr",""
"passed","Wed Nov 08 14:15:05 GMT 2023","Wed Nov 08 14:15:05 GMT 2023","0","Waku Relay, Subscribe","","","","","Register correct protocols",""
"passed","Wed Nov 08 14:16:49 GMT 2023","Wed Nov 08 14:16:49 GMT 2023","1","Wait for remote peer","","","","","Relay - dialed after",""
"passed","Wed Nov 08 14:13:39 GMT 2023","Wed Nov 08 14:13:39 GMT 2023","0","DNS Node Discovery w/ capabilities","","","","","retrieves all peers (3) when branch entries are composed of multiple strings",""
"passed","Wed Nov 08 14:15:47 GMT 2023","Wed Nov 08 14:15:47 GMT 2023","0","Waku Filter V2: Subscribe","","","","","Subscribe to topic containing SQL Injection and receive message",""
"passed","Wed Nov 08 14:13:24 GMT 2023","Wed Nov 08 14:13:24 GMT 2023","0","ENR","Location multiaddr","","","","should properly create peer info with all multiaddrs",""
"passed","Wed Nov 08 14:13:39 GMT 2023","Wed Nov 08 14:13:39 GMT 2023","0","DNS Node Discovery","","","","","it tolerates circular branch references",""
"passed","Wed Nov 08 14:16:14 GMT 2023","Wed Nov 08 14:16:14 GMT 2023","2","Waku Light Push","","","","","Push message with content topic containing Arabic",""
"passed","Wed Nov 08 14:15:47 GMT 2023","Wed Nov 08 14:15:47 GMT 2023","1","Waku Filter V2: Subscribe","","","","","Subscribe and receive messages via lightPush",""
"passed","Wed Nov 08 14:16:49 GMT 2023","Wed Nov 08 14:16:49 GMT 2023","0","Wait for remote peer","","","","","Filter",""
"passed","Wed Nov 08 14:14:07 GMT 2023","Wed Nov 08 14:14:07 GMT 2023","1","ConnectionManager","Events","peer:connect","","","should emit `peer:connected:peer-exchange` event when a peer is connected",""
"passed","Wed Nov 08 14:14:10 GMT 2023","Wed Nov 08 14:14:10 GMT 2023","1","ENR Interop: NimGoNode","","","","","Relay + Store",""
"passed","Wed Nov 08 14:14:10 GMT 2023","Wed Nov 08 14:14:10 GMT 2023","0","Waku Filter V2: Ping","","","","","Reopen subscription with peer with lost subscription",""
"passed","Wed Nov 08 14:16:19 GMT 2023","Wed Nov 08 14:16:19 GMT 2023","1","Waku Store, order","","","","","Ordered Callback - backward",""
"passed","Wed Nov 08 14:16:14 GMT 2023","Wed Nov 08 14:16:14 GMT 2023","1","Waku Light Push","","","","","Push message with XML payload",""
"passed","Wed Nov 08 14:13:46 GMT 2023","Wed Nov 08 14:13:46 GMT 2023","0","Ecies Encryption","","","","","Round trip binary encryption [ecies, no signature]",""
"passed","Wed Nov 08 14:15:05 GMT 2023","Wed Nov 08 14:15:05 GMT 2023","8","Waku Relay, Publish","","","","","Check publish message containing emoji",""
"passed","Wed Nov 08 14:14:19 GMT 2023","Wed Nov 08 14:14:19 GMT 2023","0","nwaku","","","","","Correctly serialized arguments",""
"passed","Wed Nov 08 14:15:47 GMT 2023","Wed Nov 08 14:15:47 GMT 2023","1","Waku Filter V2: Subscribe","","","","","Subscribe to topic containing unicode special characters and receive message",""
"passed","Wed Nov 08 14:15:47 GMT 2023","Wed Nov 08 14:15:47 GMT 2023","0","Waku Filter V2: Subscribe","","","","","Subscribe to topic containing JSON and receive message",""
"passed","Wed Nov 08 14:16:45 GMT 2023","Wed Nov 08 14:16:45 GMT 2023","0","Waku Dial [node only]","Bootstrap","","","","Using a function",""
"passed","Wed Nov 08 14:15:05 GMT 2023","Wed Nov 08 14:15:05 GMT 2023","0","Waku Relay, Publish","","","","","Check publish message containing Chinese",""
"passed","Wed Nov 08 14:15:47 GMT 2023","Wed Nov 08 14:15:47 GMT 2023","0","Waku Filter V2: Subscribe","","","","","Error when try to subscribe to more than 30 topics",""
"passed","Wed Nov 08 14:13:23 GMT 2023","Wed Nov 08 14:13:23 GMT 2023","1","Multiaddr from fields","","","","","udp ip6 address",""
"passed","Wed Nov 08 14:16:14 GMT 2023","Wed Nov 08 14:16:14 GMT 2023","1","Waku Light Push","","","","","Push message with content topic containing unicode special characters",""
"passed","Wed Nov 08 14:15:05 GMT 2023","Wed Nov 08 14:15:05 GMT 2023","0","Waku Relay, Subscribe","","","","","Subscribe and publish messages on 2 different content topics",""
"passed","Wed Nov 08 14:16:51 GMT 2023","Wed Nov 08 14:16:51 GMT 2023","0","selectPeerForProtocol","","","","","should return the peer with the provided peerId",""
"passed","Wed Nov 08 14:15:47 GMT 2023","Wed Nov 08 14:15:47 GMT 2023","0","Waku Filter V2: Subscribe","","","","","Subscribe to topic containing numeric and receive message",""
"passed","Wed Nov 08 14:15:52 GMT 2023","Wed Nov 08 14:15:52 GMT 2023","1","Waku Filter V2: FilterPush","","","","","Check received message with timestamp: 1699452839186 ",""
"passed","Wed Nov 08 14:15:05 GMT 2023","Wed Nov 08 14:15:05 GMT 2023","0","Waku Relay, Subscribe","","","","","Subscribe at once to 10000 topics and publish messages",""
"passed","Wed Nov 08 14:13:24 GMT 2023","Wed Nov 08 14:13:24 GMT 2023","0","ENR","waku2 key round trip","","","","should set field with all protocols disabled",""
"passed","Wed Nov 08 14:16:14 GMT 2023","Wed Nov 08 14:16:14 GMT 2023","1","Waku Light Push","","","","","Push message with content topic containing numeric",""
"passed","Wed Nov 08 14:15:05 GMT 2023","Wed Nov 08 14:15:05 GMT 2023","0","Waku Relay, Subscribe","","","","","Subscribe to topic containing emoji and publish message",""
"passed","Wed Nov 08 14:15:52 GMT 2023","Wed Nov 08 14:15:52 GMT 2023","0","Waku Filter V2: FilterPush","","","","","Check received message containing shell command",""
"passed","Wed Nov 08 14:15:05 GMT 2023","Wed Nov 08 14:15:05 GMT 2023","0","Waku Relay, Subscribe","","","","","Subscribe to topic containing Arabic and publish message",""
"passed","Wed Nov 08 14:16:49 GMT 2023","Wed Nov 08 14:16:49 GMT 2023","0","Wait for remote peer","","","","","Relay - times out",""
"passed","Wed Nov 08 14:16:26 GMT 2023","Wed Nov 08 14:16:26 GMT 2023","0","Static Sharding: Peer Management","Peer Exchange","","","","all px service nodes subscribed to the shard topic should be dialed",""
"passed","Wed Nov 08 14:14:19 GMT 2023","Wed Nov 08 14:14:19 GMT 2023","0","multiaddr: dialing","does not attempt the same peer discovered multiple times more than once","","","","through manual discovery",""
"passed","Wed Nov 08 14:13:45 GMT 2023","Wed Nov 08 14:13:45 GMT 2023","0","Waku Payload","","","","","Asymmetric encrypt & decrypt",""
"passed","Wed Nov 08 14:13:44 GMT 2023","Wed Nov 08 14:13:44 GMT 2023","1","Symmetric Encryption","","","","","Round trip binary encryption [symmetric, signature]",""
"passed","Wed Nov 08 14:16:37 GMT 2023","Wed Nov 08 14:16:37 GMT 2023","0","Waku Store, page size","","","","","Passing page size 10 when there are 10 messages",""
"passed","Wed Nov 08 14:13:28 GMT 2023","Wed Nov 08 14:13:28 GMT 2023","0","Ensures content topic is defined","","","","","Decoder throws on undefined content topic",""
"passed","Wed Nov 08 14:16:11 GMT 2023","Wed Nov 08 14:16:11 GMT 2023","1","Waku Store, error handling","","","","","Query with Promise Callback, No Decoder",""
"passed","Wed Nov 08 14:16:49 GMT 2023","Wed Nov 08 14:16:49 GMT 2023","0","Wait for remote peer","","","","","Light Node - default protocols",""
"passed","Wed Nov 08 14:13:24 GMT 2023","Wed Nov 08 14:13:24 GMT 2023","0","ENR","Txt codec","","","","should decode valid ENR with multiaddrs successfully [shared test vector]",""
"skipped","Wed Nov 08 14:15:05 GMT 2023","Wed Nov 08 14:15:05 GMT 2023","0","Waku Relay, Publish","","","","","Check publish message after client node is restarted",""
"passed","Wed Nov 08 14:15:05 GMT 2023","Wed Nov 08 14:15:05 GMT 2023","0","Waku Relay, Subscribe","","","","","Subscribe to topic containing numeric and publish message",""
"passed","Wed Nov 08 14:15:05 GMT 2023","Wed Nov 08 14:15:05 GMT 2023","1","Waku Relay, Subscribe","","","","","Publish without waiting for remote peer",""
"passed","Wed Nov 08 14:16:26 GMT 2023","Wed Nov 08 14:16:26 GMT 2023","1","Waku Store, sorting","","","","","Ordered Callback sorting by timestamp while page direction is forward",""
"passed","Wed Nov 08 14:15:47 GMT 2023","Wed Nov 08 14:15:47 GMT 2023","0","Waku Filter V2: Subscribe","","","","","Subscribe to 30 topics at once and receives messages",""
"passed","Wed Nov 08 14:15:37 GMT 2023","Wed Nov 08 14:15:37 GMT 2023","1","Waku Store, cursor","","","","","Passing a valid cursor at 110 index when there are 120 messages",""
"passed","Wed Nov 08 14:16:11 GMT 2023","Wed Nov 08 14:16:11 GMT 2023","1","Waku Store, error handling","","","","","Query with Promise Callback, No message returned",""
"passed","Wed Nov 08 14:15:52 GMT 2023","Wed Nov 08 14:15:52 GMT 2023","1","Waku Filter V2: FilterPush","","","","","Check message with no payload is not received",""
"passed","Wed Nov 08 14:14:10 GMT 2023","Wed Nov 08 14:14:10 GMT 2023","1","Waku Filter V2: Ping","","","","","Ping on peer without subscriptions",""
"passed","Wed Nov 08 14:16:37 GMT 2023","Wed Nov 08 14:16:37 GMT 2023","0","Waku Store, page size","","","","","Default pageSize",""
"passed","Wed Nov 08 14:15:52 GMT 2023","Wed Nov 08 14:15:52 GMT 2023","0","Waku Filter V2: FilterPush","","","","","Check received message containing Arabic",""
"passed","Wed Nov 08 14:13:28 GMT 2023","Wed Nov 08 14:13:28 GMT 2023","1","Ensures content topic is defined","","","","","Encoder throws on empty string content topic",""
"passed","Wed Nov 08 14:16:26 GMT 2023","Wed Nov 08 14:16:26 GMT 2023","0","Static Sharding: Peer Management","Peer Exchange","","","","px service nodes not subscribed to the shard should not be dialed",""
"passed","Wed Nov 08 14:15:05 GMT 2023","Wed Nov 08 14:15:05 GMT 2023","0","Waku Relay, Publish","","","","","Fails to publish message with empty text",""
"passed","Wed Nov 08 14:13:38 GMT 2023","Wed Nov 08 14:13:38 GMT 2023","1","Discovery","","","","","returns all values when wanted number matches available values",""
"passed","Wed Nov 08 14:16:49 GMT 2023","Wed Nov 08 14:16:49 GMT 2023","1","Wait for remote peer","","","","","Store - dialed after - with timeout",""
"passed","Wed Nov 08 14:13:24 GMT 2023","Wed Nov 08 14:13:24 GMT 2023","1","ENR","Verify","","","","should throw error - invalid id",""
"passed","Wed Nov 08 14:16:32 GMT 2023","Wed Nov 08 14:16:32 GMT 2023","1","Waku Store, general","","","","","Generator, with asymmetric & symmetric encrypted messages",""
"passed","Wed Nov 08 14:16:32 GMT 2023","Wed Nov 08 14:16:32 GMT 2023","1","Peer Exchange","Compliance Test","interface-peer-discovery compliance tests","","","should emit a peer event after start",""
"passed","Wed Nov 08 14:14:10 GMT 2023","Wed Nov 08 14:14:10 GMT 2023","0","Waku Filter V2: Ping","","","","","Ping on subscribed peer",""
"passed","Wed Nov 08 14:14:11 GMT 2023","Wed Nov 08 14:14:11 GMT 2023","0","DNS Discovery: Compliance Test","interface-peer-discovery compliance tests","","","","should not fail to stop the service if it was not started",""
"passed","Wed Nov 08 14:16:32 GMT 2023","Wed Nov 08 14:16:32 GMT 2023","0","Waku Store, general","","","","","Callback on promise",""
"passed","Wed Nov 08 14:13:23 GMT 2023","Wed Nov 08 14:13:23 GMT 2023","0","ENR waku2 codec","Decoding","","","","should be able to decode the field with RELAY and FILTER protocols set to true",""
"passed","Wed Nov 08 14:15:37 GMT 2023","Wed Nov 08 14:15:37 GMT 2023","1","Waku Store, cursor","","","","","Passing a valid cursor at 19 index when there are 20 messages",""
"passed","Wed Nov 08 14:15:47 GMT 2023","Wed Nov 08 14:15:47 GMT 2023","0","Waku Filter V2: Subscribe","","","","","Refresh subscription",""
"passed","Wed Nov 08 14:16:45 GMT 2023","Wed Nov 08 14:16:45 GMT 2023","0","Waku Dial [node only]","Interop: NimGoNode","","","","connects to nwaku",""
"passed","Wed Nov 08 14:14:07 GMT 2023","Wed Nov 08 14:14:07 GMT 2023","2","ConnectionManager","Dials","dialPeer method > For bootstrap peers","","","should be called for bootstrap peers",""
"passed","Wed Nov 08 14:14:15 GMT 2023","Wed Nov 08 14:14:15 GMT 2023","0","Waku Filter V2: Multiple PubsubTopics","","","","","Should fail to subscribe with decoder with wrong pubsubTopic",""
"passed","Wed Nov 08 14:13:39 GMT 2023","Wed Nov 08 14:13:39 GMT 2023","1","Fetch nodes until capabilities are fulfilled","","","","","1 Store, 2 relays, 2 fetches",""
"passed","Wed Nov 08 14:15:47 GMT 2023","Wed Nov 08 14:15:47 GMT 2023","1","Waku Filter V2: Subscribe","","","","","Subscribe to topic containing special chars and receive message",""
"passed","Wed Nov 08 14:16:32 GMT 2023","Wed Nov 08 14:16:32 GMT 2023","1","Peer Exchange","Compliance Test","interface-peer-discovery compliance tests","","","should not receive a peer event after stop",""
"passed","Wed Nov 08 14:15:05 GMT 2023","Wed Nov 08 14:15:05 GMT 2023","0","Waku Relay, Publish","","","","","Check publish message containing JSON",""
"passed","Wed Nov 08 14:16:32 GMT 2023","Wed Nov 08 14:16:32 GMT 2023","0","Peer Exchange","Compliance Test","interface-peer-discovery compliance tests","","","should not receive a peer event before start",""
"passed","Wed Nov 08 14:13:39 GMT 2023","Wed Nov 08 14:13:39 GMT 2023","0","DNS Node Discovery","","","","","caches peers it previously fetched",""
"passed","Wed Nov 08 14:16:14 GMT 2023","Wed Nov 08 14:16:14 GMT 2023","1","Waku Light Push","","","","","Push message with content topic containing short",""
"passed","Wed Nov 08 14:13:23 GMT 2023","Wed Nov 08 14:13:23 GMT 2023","0","ENR waku2 codec","Encoding","","","","should be able to encode the field with ALL protocols set to true",""
"passed","Wed Nov 08 14:15:05 GMT 2023","Wed Nov 08 14:15:05 GMT 2023","0","Waku Relay, Publish","","","","","Fails to publish duplicate message",""
"passed","Wed Nov 08 14:15:05 GMT 2023","Wed Nov 08 14:15:05 GMT 2023","1","Waku Relay, Subscribe","","","","","Subscribe to topic containing long and publish message",""
"passed","Wed Nov 08 14:15:52 GMT 2023","Wed Nov 08 14:15:52 GMT 2023","0","Waku Filter V2: FilterPush","","","","","Check received message containing Chinese",""
"passed","Wed Nov 08 14:16:32 GMT 2023","Wed Nov 08 14:16:32 GMT 2023","1","Waku Store, general","","","","","Query generator for multiple messages with different content topic format",""
"skipped","Wed Nov 08 14:15:05 GMT 2023","Wed Nov 08 14:15:05 GMT 2023","0","Waku Relay, Subscribe","","","","","Overlapping topic subscription",""
"passed","Wed Nov 08 14:13:24 GMT 2023","Wed Nov 08 14:13:24 GMT 2023","0","ENR","Txt codec","","","","should decode valid enr successfully",""
"passed","Wed Nov 08 14:16:49 GMT 2023","Wed Nov 08 14:16:49 GMT 2023","0","Wait for remote peer","","","","","Store - dialed first",""
"passed","Wed Nov 08 14:13:28 GMT 2023","Wed Nov 08 14:13:28 GMT 2023","0","Ensures content topic is defined","","","","","Decoder throws on empty string content topic",""
"passed","Wed Nov 08 14:16:14 GMT 2023","Wed Nov 08 14:16:14 GMT 2023","1","Waku Light Push","","","","","Push message with meta",""
"passed","Wed Nov 08 14:15:37 GMT 2023","Wed Nov 08 14:15:37 GMT 2023","0","Waku Store, cursor","","","","","Passing a valid cursor at 0 index when there are 20 messages",""
"passed","Wed Nov 08 14:16:14 GMT 2023","Wed Nov 08 14:16:14 GMT 2023","3","Waku Light Push","","","","","Fails to push message with empty content topic",""
"passed","Wed Nov 08 14:16:14 GMT 2023","Wed Nov 08 14:16:14 GMT 2023","1","Waku Light Push","","","","","Push message with content topic containing JSON",""
"passed","Wed Nov 08 14:15:52 GMT 2023","Wed Nov 08 14:15:52 GMT 2023","1","Waku Filter V2: FilterPush","","","","","Check received message containing Script",""
"passed","Wed Nov 08 14:15:47 GMT 2023","Wed Nov 08 14:15:47 GMT 2023","0","Waku Filter V2: Subscribe","","","","","Subscribe to topic containing Basic HTML tag and receive message",""
"passed","Wed Nov 08 14:14:10 GMT 2023","Wed Nov 08 14:14:10 GMT 2023","0","ENR Interop: NimGoNode","","","","","All",""
"passed","Wed Nov 08 14:16:14 GMT 2023","Wed Nov 08 14:16:14 GMT 2023","2","Waku Light Push","","","","","Push message with content topic containing escaped characters",""
"skipped","Wed Nov 08 14:14:11 GMT 2023","Wed Nov 08 14:14:11 GMT 2023","2","DNS Node Discovery [live data]","","","","","should use DNS peer discovery with light client",""
"passed","Wed Nov 08 14:14:27 GMT 2023","Wed Nov 08 14:14:27 GMT 2023","0","Waku Relay","","","","","Delete observer",""
"passed","Wed Nov 08 14:15:47 GMT 2023","Wed Nov 08 14:15:47 GMT 2023","0","Waku Filter V2: Subscribe","","","","","Subscribe to topic containing long and receive message",""
"passed","Wed Nov 08 14:16:11 GMT 2023","Wed Nov 08 14:16:11 GMT 2023","1","Waku Store, error handling","","","","","Query with Promise Callback, Multiple PubsubTopics",""
"passed","Wed Nov 08 14:16:45 GMT 2023","Wed Nov 08 14:16:45 GMT 2023","0","User Agent","","","","","Sets default value correctly",""
"passed","Wed Nov 08 14:16:26 GMT 2023","Wed Nov 08 14:16:26 GMT 2023","0","Waku Store, sorting","","","","","Ordered Callback sorting by timestamp while page direction is backward",""
"passed","Wed Nov 08 14:13:24 GMT 2023","Wed Nov 08 14:13:24 GMT 2023","1","ENR","waku2 key round trip","","","","should set field with all protocols enabled",""
"passed","Wed Nov 08 14:13:45 GMT 2023","Wed Nov 08 14:13:45 GMT 2023","1","Waku Payload","","","","","Symmetric encrypt & Decrypt",""
"passed","Wed Nov 08 14:13:24 GMT 2023","Wed Nov 08 14:13:24 GMT 2023","0","ENR","Location multiaddr","","","","should properly create location multiaddrs - udp6",""
"passed","Wed Nov 08 14:13:39 GMT 2023","Wed Nov 08 14:13:39 GMT 2023","1","ENRTree","","","","","ENRTree (tree): should error if DNS tree entry is mis-prefixed",""
"passed","Wed Nov 08 14:13:23 GMT 2023","Wed Nov 08 14:13:23 GMT 2023","0","ENR waku2 codec","Decoding","","","","should be able to decode the field with ALL protocols set to true",""
"passed","Wed Nov 08 14:16:14 GMT 2023","Wed Nov 08 14:16:14 GMT 2023","2","Waku Light Push","","","","","Push message with Chinese payload",""
"passed","Wed Nov 08 14:16:11 GMT 2023","Wed Nov 08 14:16:11 GMT 2023","0","Waku Store, error handling","","","","","Query with Ordered Callback, Wrong PubsubTopic",""
"passed","Wed Nov 08 14:13:24 GMT 2023","Wed Nov 08 14:13:24 GMT 2023","0","ENR","Location multiaddr","","","","should properly create location multiaddrs - udp4",""
"passed","Wed Nov 08 14:16:51 GMT 2023","Wed Nov 08 14:16:51 GMT 2023","0","selectPeerForProtocol","","","","","should return the peer with the lowest ping",""
"passed","Wed Nov 08 14:15:52 GMT 2023","Wed Nov 08 14:15:52 GMT 2023","0","Waku Filter V2: FilterPush","","","","","Check received message containing special chars",""
"passed","Wed Nov 08 14:13:33 GMT 2023","Wed Nov 08 14:13:33 GMT 2023","0","RFC Test Vectors","","","","","Waku message hash computation (payload length 0)",""
"passed","Wed Nov 08 14:14:15 GMT 2023","Wed Nov 08 14:14:15 GMT 2023","0","This","Is also","","","","A test",""
"passed","Wed Nov 08 14:16:51 GMT 2023","Wed Nov 08 14:16:51 GMT 2023","0","selectPeerForProtocol","","","","","should return a random peer when all peers have the same latency",""
"passed","Wed Nov 08 14:16:19 GMT 2023","Wed Nov 08 14:16:19 GMT 2023","0","Waku Store, order","","","","","Query Generator  - forward",""
"passed","Wed Nov 08 14:16:11 GMT 2023","Wed Nov 08 14:16:11 GMT 2023","1","Waku Store, error handling","","","","","Query Generator, No message returned",""
"passed","Wed Nov 08 14:16:14 GMT 2023","Wed Nov 08 14:16:14 GMT 2023","2","Waku Light Push","","","","","Push message with content topic containing SQL Injection",""
"passed","Wed Nov 08 14:15:52 GMT 2023","Wed Nov 08 14:15:52 GMT 2023","0","Waku Filter V2: FilterPush","","","","","Check received message containing emoji",""
"passed","Wed Nov 08 14:13:24 GMT 2023","Wed Nov 08 14:13:24 GMT 2023","1","ENR","Static tests","","","","should encode/decode to text encoding",""
"passed","Wed Nov 08 14:13:24 GMT 2023","Wed Nov 08 14:13:24 GMT 2023","0","ENR","waku2 key round trip","","","","should set field with only FILTER enabled",""
"passed","Wed Nov 08 14:16:43 GMT 2023","Wed Nov 08 14:16:43 GMT 2023","0","Waku Store, time filter","","","","","msgTime: -19000 ms from now, startTime: -19000, endTime: -18000",""
"passed","Wed Nov 08 14:14:10 GMT 2023","Wed Nov 08 14:14:10 GMT 2023","0","Waku Message Ephemeral field","","","","","Ephemeral messages are not stored",""
"passed","Wed Nov 08 14:14:40 GMT 2023","Wed Nov 08 14:14:40 GMT 2023","0","Waku Filter V2: Unsubscribe","","","","","Unsubscribe 1 topic - node subscribed to 1 topic",""
"passed","Wed Nov 08 14:13:24 GMT 2023","Wed Nov 08 14:13:24 GMT 2023","0","ENR","Location multiaddr","","","","should properly create location multiaddrs - tcp6",""
"passed","Wed Nov 08 14:13:24 GMT 2023","Wed Nov 08 14:13:24 GMT 2023","0","ENR","waku2 key round trip","","","","should set field with only RELAY enabled",""
"passed","Wed Nov 08 14:13:39 GMT 2023","Wed Nov 08 14:13:39 GMT 2023","0","ENRTree","","","","","ENRTree (root): should error if DNS root entry is mis-prefixed",""
"passed","Wed Nov 08 14:16:51 GMT 2023","Wed Nov 08 14:16:51 GMT 2023","0","selectPeerForProtocol","","","","","should throw an error when the selected peer does not register the required protocols",""
"passed","Wed Nov 08 14:15:52 GMT 2023","Wed Nov 08 14:15:52 GMT 2023","0","Waku Filter V2: FilterPush","","","","","Check message with no pubsub topic is not received",""
"passed","Wed Nov 08 14:15:05 GMT 2023","Wed Nov 08 14:15:05 GMT 2023","0","Waku Relay, Publish","","","","","Check publish message containing short",""
"passed","Wed Nov 08 14:16:43 GMT 2023","Wed Nov 08 14:16:43 GMT 2023","1","Waku Store, time filter","","","","","msgTime: -19000 ms from now, startTime: -18990, endTime: -19010",""
"passed","Wed Nov 08 14:14:11 GMT 2023","Wed Nov 08 14:14:11 GMT 2023","0","DNS Discovery: Compliance Test","interface-peer-discovery compliance tests","","","","should not receive a peer event before start",""
"passed","Wed Nov 08 14:15:05 GMT 2023","Wed Nov 08 14:15:05 GMT 2023","1","Waku Relay, Publish","","","","","Check publish message containing special chars",""
"passed","Wed Nov 08 14:15:05 GMT 2023","Wed Nov 08 14:15:05 GMT 2023","0","Waku Relay, Subscribe","","","","","Subscribe to topic containing short and publish message",""
"passed","Wed Nov 08 14:16:03 GMT 2023","Wed Nov 08 14:16:03 GMT 2023","1","Waku Store, custom pubsub topic","","","","","Generator, 2 nwaku nodes each with different pubsubtopics",""
"passed","Wed Nov 08 14:16:11 GMT 2023","Wed Nov 08 14:16:11 GMT 2023","1","Waku Store, error handling","","","","","Query with Ordered Callback, Multiple PubsubTopics",""
"passed","Wed Nov 08 14:13:45 GMT 2023","Wed Nov 08 14:13:45 GMT 2023","0","Waku Payload","","","","","pre and post cipher",""
"passed","Wed Nov 08 14:14:11 GMT 2023","Wed Nov 08 14:14:11 GMT 2023","1","DNS Discovery: Compliance Test","interface-peer-discovery compliance tests","","","","should not receive a peer event after stop",""
"passed","Wed Nov 08 14:15:05 GMT 2023","Wed Nov 08 14:15:05 GMT 2023","1","Waku Relay, Publish","","","","","Check publish message containing unicode special characters",""
"passed","Wed Nov 08 14:16:49 GMT 2023","Wed Nov 08 14:16:49 GMT 2023","0","Wait for remote peer","","","","","Relay - dialed first",""
"passed","Wed Nov 08 14:13:31 GMT 2023","Wed Nov 08 14:13:31 GMT 2023","2","Message Validator","","","","","Accepts a valid Waku Message",""
"passed","Wed Nov 08 14:16:26 GMT 2023","Wed Nov 08 14:16:26 GMT 2023","0","Waku Store, sorting","","","","","Query Generator sorting by timestamp while page direction is backward",""
"passed","Wed Nov 08 14:14:10 GMT 2023","Wed Nov 08 14:14:10 GMT 2023","0","Waku Message Ephemeral field","","","","","Ephemeral field is preserved - encoder v0",""
"passed","Wed Nov 08 14:16:14 GMT 2023","Wed Nov 08 14:16:14 GMT 2023","1","Waku Light Push","","","","","Push message with Arabic payload",""
"passed","Wed Nov 08 14:13:24 GMT 2023","Wed Nov 08 14:13:24 GMT 2023","0","ENR","Verify","","","","should return false",""
"passed","Wed Nov 08 14:16:11 GMT 2023","Wed Nov 08 14:16:11 GMT 2023","3","Waku Store, error handling","","","","","Query Generator, No Decoder",""
"passed","Wed Nov 08 14:14:40 GMT 2023","Wed Nov 08 14:14:40 GMT 2023","1","Waku Filter V2: Unsubscribe","","","","","Unsubscribe topics the node is not subscribed to",""
"passed","Wed Nov 08 14:13:46 GMT 2023","Wed Nov 08 14:13:46 GMT 2023","0","Ecies Encryption","","","","","Check meta is set [ecies]",""
"passed","Wed Nov 08 14:13:23 GMT 2023","Wed Nov 08 14:13:23 GMT 2023","2","ENR multiaddrs codec","","","","","Sample",""
"passed","Wed Nov 08 14:15:05 GMT 2023","Wed Nov 08 14:15:05 GMT 2023","0","Waku Relay, Publish","","","","","Fails to publish message with size larger than 1 MB",""
"passed","Wed Nov 08 14:14:07 GMT 2023","Wed Nov 08 14:14:07 GMT 2023","1","ConnectionManager","Dials","dialPeer method > For bootstrap peers","","","should not be called more than DEFAULT_MAX_BOOTSTRAP_PEERS_ALLOWED times for bootstrap peers",""
"passed","Wed Nov 08 14:13:28 GMT 2023","Wed Nov 08 14:13:28 GMT 2023","0","filterPeers function","","","","","should return only bootstrap peers up to maxBootstrapPeers",""
"passed","Wed Nov 08 14:13:23 GMT 2023","Wed Nov 08 14:13:23 GMT 2023","1","Relay Shard codec","","","","","should throw an error for insufficient data",""
"passed","Wed Nov 08 14:13:28 GMT 2023","Wed Nov 08 14:13:28 GMT 2023","0","Waku Message version 0","","","","","Meta field set when metaSetter is specified",""
"passed","Wed Nov 08 14:15:52 GMT 2023","Wed Nov 08 14:15:52 GMT 2023","1","Waku Filter V2: FilterPush","","","","","Check received message with timestamp: 1949153314000 ",""
"passed","Wed Nov 08 14:15:47 GMT 2023","Wed Nov 08 14:15:47 GMT 2023","0","Waku Filter V2: Subscribe","","","","","Subscribe to topic containing Arabic and receive message",""
"passed","Wed Nov 08 14:14:15 GMT 2023","Wed Nov 08 14:14:15 GMT 2023","0","Waku Filter V2: Multiple PubsubTopics","","","","","Subscribe and receive messages on custom pubsubtopic",""
"passed","Wed Nov 08 14:15:52 GMT 2023","Wed Nov 08 14:15:52 GMT 2023","0","Waku Filter V2: FilterPush","","","","","Check message with extra parameter is not received",""
"passed","Wed Nov 08 14:13:39 GMT 2023","Wed Nov 08 14:13:39 GMT 2023","1","ENRTree","","","","","ENRTree (branch): should error if DNS branch entry is mis-prefixed",""
"passed","Wed Nov 08 14:13:39 GMT 2023","Wed Nov 08 14:13:39 GMT 2023","0","ENRTree","","","","","ENRTree (root): should error if DNS root entry signature is invalid",""
"passed","Wed Nov 08 14:13:39 GMT 2023","Wed Nov 08 14:13:39 GMT 2023","0","DNS Node Discovery","","","","","recovers when dns.resolve returns empty",""
"passed","Wed Nov 08 14:15:05 GMT 2023","Wed Nov 08 14:15:05 GMT 2023","0","Waku Relay, Subscribe","","","","","Subscribe to topic containing escaped characters and publish message",""
"passed","Wed Nov 08 14:14:40 GMT 2023","Wed Nov 08 14:14:40 GMT 2023","1","Waku Filter V2: Unsubscribe","","","","","Unsubscribe 1 topic - node subscribed to 2 topics",""
"passed","Wed Nov 08 14:15:05 GMT 2023","Wed Nov 08 14:15:05 GMT 2023","1","Waku Relay, Publish","","","","","Fails to publish message with wrong content topic",""
"passed","Wed Nov 08 14:16:32 GMT 2023","Wed Nov 08 14:16:32 GMT 2023","0","Waku Store, general","","","","","Query generator for multiple messages",""
"passed","Wed Nov 08 14:13:46 GMT 2023","Wed Nov 08 14:13:46 GMT 2023","1","Ensures content topic is defined","","","","","Encoder throws on undefined content topic",""
"skipped","Wed Nov 08 14:15:52 GMT 2023","Wed Nov 08 14:15:52 GMT 2023","1","Waku Filter V2: FilterPush","","","","","Check message received after jswaku node is restarted",""
"passed","Wed Nov 08 14:14:11 GMT 2023","Wed Nov 08 14:14:11 GMT 2023","0","DNS Discovery: Compliance Test","interface-peer-discovery compliance tests","","","","should emit a peer event after start",""
"passed","Wed Nov 08 14:15:05 GMT 2023","Wed Nov 08 14:15:05 GMT 2023","0","Waku Relay, Publish","","","","","Check publish message containing Basic HTML tag",""
"passed","Wed Nov 08 14:13:38 GMT 2023","Wed Nov 08 14:13:38 GMT 2023","0","Discovery","","","","","returns all values when wanted number is greater than available values",""
"passed","Wed Nov 08 14:15:52 GMT 2023","Wed Nov 08 14:15:52 GMT 2023","0","Waku Filter V2: FilterPush","","","","","Check received message containing XML",""
"passed","Wed Nov 08 14:15:52 GMT 2023","Wed Nov 08 14:15:52 GMT 2023","1","Waku Filter V2: FilterPush","","","","","Check received message with timestamp: 1649153314 ",""
"passed","Wed Nov 08 14:13:33 GMT 2023","Wed Nov 08 14:13:33 GMT 2023","1","RFC Test Vectors","","","","","Waku message hash computation",""
"passed","Wed Nov 08 14:14:47 GMT 2023","Wed Nov 08 14:14:47 GMT 2023","0","Waku Relay, Interop","Two nodes connected to nwaku","","","","Js publishes, other Js receives",""
"passed","Wed Nov 08 14:13:23 GMT 2023","Wed Nov 08 14:13:23 GMT 2023","1","ENR waku2 codec","Encoding","","","","should be able to encode the field with only LIGHTPUSH set to true",""
"passed","Wed Nov 08 14:13:46 GMT 2023","Wed Nov 08 14:13:46 GMT 2023","0","Ensures content topic is defined","","","","","Decoder throws on undefined content topic",""
"passed","Wed Nov 08 14:15:05 GMT 2023","Wed Nov 08 14:15:05 GMT 2023","0","Waku Relay, Publish","","","","","Check publish message containing SQL Injection",""
"passed","Wed Nov 08 14:14:11 GMT 2023","Wed Nov 08 14:14:11 GMT 2023","0","DNS Discovery: Compliance Test","interface-peer-discovery compliance tests","","","","should not fail to start the service if it is already started",""
"passed","Wed Nov 08 14:15:05 GMT 2023","Wed Nov 08 14:15:05 GMT 2023","0","Waku Relay, Publish","","","","","Publish message with custom timestamp: Wed Nov 08 2023 15:14:46 GMT+0000 (Coordinated Universal Time)",""
"passed","Wed Nov 08 14:13:23 GMT 2023","Wed Nov 08 14:13:23 GMT 2023","1","ENR waku2 codec","Decoding","","","","should be able to decode the field with only LIGHTPUSH set to true",""
"passed","Wed Nov 08 14:16:43 GMT 2023","Wed Nov 08 14:16:43 GMT 2023","0","Waku Store, time filter","","","","","msgTime: 19000 ms from now, startTime: 18990, endTime: 19010",""
"passed","Wed Nov 08 14:14:25 GMT 2023","Wed Nov 08 14:14:25 GMT 2023","1","Waku Light Push : Multiple PubsubTopics","","","","","Push message on custom pubsubTopic",""
"passed","Wed Nov 08 14:15:52 GMT 2023","Wed Nov 08 14:15:52 GMT 2023","0","Waku Filter V2: FilterPush","","","","","Check received message containing SQL Injection",""
"passed","Wed Nov 08 14:14:19 GMT 2023","Wed Nov 08 14:14:19 GMT 2023","1","multiaddr: dialing","","","","","can dial TLS multiaddrs",""
"passed","Wed Nov 08 14:14:46 GMT 2023","Wed Nov 08 14:14:46 GMT 2023","1","Waku Relay, multiple pubsub topics","","","","","Nodes with multiple pubsub topic",""
"passed","Wed Nov 08 14:16:14 GMT 2023","Wed Nov 08 14:16:14 GMT 2023","1","Waku Light Push","","","","","Push message with content topic containing shell command",""
"passed","Wed Nov 08 14:16:51 GMT 2023","Wed Nov 08 14:16:51 GMT 2023","0","selectPeerForProtocol","","","","","should throw an error when no peer matches the given protocols",""
"passed","Wed Nov 08 14:16:51 GMT 2023","Wed Nov 08 14:16:51 GMT 2023","0","Util: toAsyncIterator: Filter","","","","","handles multiple messages",""
"skipped","Wed Nov 08 14:14:11 GMT 2023","Wed Nov 08 14:14:11 GMT 2023","0","DNS Node Discovery [live data]","","","","","should retrieve 3 multiaddrs for test.waku.nodes.status.im",""
"passed","Wed Nov 08 14:16:32 GMT 2023","Wed Nov 08 14:16:32 GMT 2023","0","Peer Exchange","Compliance Test","interface-peer-discovery compliance tests","","","should not fail to start the service if it is already started",""
"passed","Wed Nov 08 14:13:24 GMT 2023","Wed Nov 08 14:13:24 GMT 2023","0","ENR","waku2 key round trip","","","","should set field with only STORE enabled",""
"skipped","Wed Nov 08 14:15:05 GMT 2023","Wed Nov 08 14:15:05 GMT 2023","0","Waku Relay, Subscribe","","","","","Refresh subscription",""
"passed","Wed Nov 08 14:16:32 GMT 2023","Wed Nov 08 14:16:32 GMT 2023","1","Waku Store, general","","","","","Query generator for multiple messages with multiple decoders",""
"passed","Wed Nov 08 14:14:25 GMT 2023","Wed Nov 08 14:14:25 GMT 2023","0","Waku Light Push : Multiple PubsubTopics","","","","","Subscribe and receive messages on 2 different pubsubtopics",""
"passed","Wed Nov 08 14:14:15 GMT 2023","Wed Nov 08 14:14:15 GMT 2023","2","Waku Filter V2: Multiple PubsubTopics","","","","","Subscribe and receive messages on 2 different pubsubtopics",""
"passed","Wed Nov 08 14:15:47 GMT 2023","Wed Nov 08 14:15:47 GMT 2023","0","Waku Filter V2: Subscribe","","","","","Subscribe to topic containing emoji and receive message",""
"passed","Wed Nov 08 14:13:39 GMT 2023","Wed Nov 08 14:13:39 GMT 2023","0","DNS Node Discovery","","","","","ignores domain fetching errors",""
"passed","Wed Nov 08 14:16:19 GMT 2023","Wed Nov 08 14:16:19 GMT 2023","0","Waku Store, order","","","","","Ordered Callback - forward",""
"passed","Wed Nov 08 14:13:33 GMT 2023","Wed Nov 08 14:13:33 GMT 2023","1","RFC Test Vectors","","","","","Waku message hash computation (meta attribute not present)",""
"passed","Wed Nov 08 14:13:24 GMT 2023","Wed Nov 08 14:13:24 GMT 2023","0","ENR","Txt codec","","","","should decode valid enr with tcp successfully",""
"passed","Wed Nov 08 14:16:49 GMT 2023","Wed Nov 08 14:16:49 GMT 2023","0","Wait for remote peer","","","","","Privacy Node - default protocol",""
"passed","Wed Nov 08 14:15:52 GMT 2023","Wed Nov 08 14:15:52 GMT 2023","0","Waku Filter V2: FilterPush","","","","","Check message with non string payload is not received",""
"passed","Wed Nov 08 14:16:37 GMT 2023","Wed Nov 08 14:16:37 GMT 2023","1","Waku Store, page size","","","","","Passing page size 19 when there are 20 messages",""
"passed","Wed Nov 08 14:16:14 GMT 2023","Wed Nov 08 14:16:14 GMT 2023","0","Waku Light Push","","","","","Push message with long payload",""
"passed","Wed Nov 08 14:14:10 GMT 2023","Wed Nov 08 14:14:10 GMT 2023","0","ENR Interop: NimGoNode","","","","","Relay",""
"passed","Wed Nov 08 14:15:37 GMT 2023","Wed Nov 08 14:15:37 GMT 2023","0","Waku Store, cursor","","","","","Passing a valid cursor at 2 index when there are 4 messages",""
"passed","Wed Nov 08 14:13:46 GMT 2023","Wed Nov 08 14:13:46 GMT 2023","0","Ensures content topic is defined","","","","","Encoder throws on empty string content topic",""
"passed","Wed Nov 08 14:16:14 GMT 2023","Wed Nov 08 14:16:14 GMT 2023","1","Waku Light Push","","","","","Throws when trying to push message with empty payload",""
"passed","Wed Nov 08 14:15:52 GMT 2023","Wed Nov 08 14:15:52 GMT 2023","1","Waku Filter V2: FilterPush","","","","","Check received message containing short",""
"passed","Wed Nov 08 14:16:32 GMT 2023","Wed Nov 08 14:16:32 GMT 2023","1","Waku Store, general","","","","","Query generator for multiple messages with different message text format",""
"passed","Wed Nov 08 14:15:47 GMT 2023","Wed Nov 08 14:15:47 GMT 2023","0","Waku Filter V2: Subscribe","","","","","Subscribe and receive messages from multiple nwaku nodes",""
"passed","Wed Nov 08 14:16:19 GMT 2023","Wed Nov 08 14:16:19 GMT 2023","1","Waku Store, order","","","","","Promise Callback  - backward",""
"passed","Wed Nov 08 14:13:44 GMT 2023","Wed Nov 08 14:13:44 GMT 2023","0","Ensures content topic is defined","","","","","Encoder throws on undefined content topic",""
"passed","Wed Nov 08 14:13:44 GMT 2023","Wed Nov 08 14:13:44 GMT 2023","0","Ensures content topic is defined","","","","","Decoder throws on empty string content topic",""
"skipped","Wed Nov 08 14:15:52 GMT 2023","Wed Nov 08 14:15:52 GMT 2023","0","Waku Filter V2: FilterPush","","","","","Check message received after nwaku node is restarted",""
"passed","Wed Nov 08 14:13:39 GMT 2023","Wed Nov 08 14:13:39 GMT 2023","0","DNS Node Discovery w/ capabilities","","","","","should only return 1 node with relay and store capability",""
"passed","Wed Nov 08 14:15:05 GMT 2023","Wed Nov 08 14:15:05 GMT 2023","1","Waku Relay, Publish","","","","","Publish message with custom timestamp: Sun Dec 17 1995 03:24:00 GMT+0000 (Coordinated Universal Time)",""
"passed","Wed Nov 08 14:13:24 GMT 2023","Wed Nov 08 14:13:24 GMT 2023","0","ENR","Location multiaddr","","","","should properly create location multiaddrs - tcp",""
"passed","Wed Nov 08 14:13:23 GMT 2023","Wed Nov 08 14:13:23 GMT 2023","0","ENR waku2 codec","Decoding","","","","should be able to decode the field with STORE and LIGHTPUSH protocols set to true",""
"passed","Wed Nov 08 14:13:46 GMT 2023","Wed Nov 08 14:13:46 GMT 2023","0","Ecies Encryption","","","","","R trip binary encryption [ecies, signature]",""
"passed","Wed Nov 08 14:13:28 GMT 2023","Wed Nov 08 14:13:28 GMT 2023","0","filterPeers function","","","","","should return all non-bootstrap peers and no bootstrap peer when numPeers is 0 and maxBootstrapPeers is 0",""
"passed","Wed Nov 08 14:15:05 GMT 2023","Wed Nov 08 14:15:05 GMT 2023","3","Waku Relay, Subscribe","","","","","Subscribe to topic containing shell command and publish message",""
"passed","Wed Nov 08 14:13:39 GMT 2023","Wed Nov 08 14:13:39 GMT 2023","1","ENRTree","","","","","ENRTree (root): should error if DNS root entry is malformed",""
"passed","Wed Nov 08 14:15:47 GMT 2023","Wed Nov 08 14:15:47 GMT 2023","1","Waku Filter V2: Subscribe","","","","","Subscribe to topic containing Chinese and receive message",""
"passed","Wed Nov 08 14:13:23 GMT 2023","Wed Nov 08 14:13:23 GMT 2023","0","ENR waku2 codec","Decoding","","","","should be able to decode the field with ALL protocols set to false",""
"passed","Wed Nov 08 14:15:05 GMT 2023","Wed Nov 08 14:15:05 GMT 2023","0","Waku Relay, Publish","","","","","Check publish message containing Script",""
"passed","Wed Nov 08 14:16:37 GMT 2023","Wed Nov 08 14:16:37 GMT 2023","0","Waku Store, page size","","","","","Passing page size 11 when there are 10 messages",""
"passed","Wed Nov 08 14:15:47 GMT 2023","Wed Nov 08 14:15:47 GMT 2023","1","Waku Filter V2: Subscribe","","","","","Subscribe and receive ecies encrypted messages via lightPush",""
"passed","Wed Nov 08 14:15:05 GMT 2023","Wed Nov 08 14:15:05 GMT 2023","8","Waku Relay, Publish","","","","","Publish message with custom timestamp: Thu Nov 17 2022 14:14:46 GMT+0000 (Coordinated Universal Time)",""
"passed","Wed Nov 08 14:16:37 GMT 2023","Wed Nov 08 14:16:37 GMT 2023","0","Waku Store, page size","","","","","Passing page size 110 when there are 120 messages",""
"passed","Wed Nov 08 14:13:24 GMT 2023","Wed Nov 08 14:13:24 GMT 2023","0","ENR","Txt codec","","","","should throw error - no id",""
"passed","Wed Nov 08 14:14:07 GMT 2023","Wed Nov 08 14:14:07 GMT 2023","1","ConnectionManager","Events","peer:discovery","","","should emit `peer:discovery:peer-exchange` event when a peer is discovered",""
"passed","Wed Nov 08 14:16:14 GMT 2023","Wed Nov 08 14:16:14 GMT 2023","1","Waku Light Push","","","","","Push message with numeric payload",""
"passed","Wed Nov 08 14:13:39 GMT 2023","Wed Nov 08 14:13:39 GMT 2023","0","Fetch nodes until capabilities are fulfilled","","","","","1 Relay, 1 Filter, gives up",""
"passed","Wed Nov 08 14:15:52 GMT 2023","Wed Nov 08 14:15:52 GMT 2023","1","Waku Filter V2: FilterPush","","","","","Check received message containing Basic HTML tag",""
"passed","Wed Nov 08 14:16:32 GMT 2023","Wed Nov 08 14:16:32 GMT 2023","1","Peer Exchange","Compliance Test","interface-peer-discovery compliance tests","","","can start the service",""
"passed","Wed Nov 08 14:16:11 GMT 2023","Wed Nov 08 14:16:11 GMT 2023","1","Waku Store, error handling","","","","","Query with Promise Callback, Wrong PubsubTopic",""
"passed","Wed Nov 08 14:16:14 GMT 2023","Wed Nov 08 14:16:14 GMT 2023","1","Waku Light Push","","","","","Push message with escaped characters payload",""
"passed","Wed Nov 08 14:15:37 GMT 2023","Wed Nov 08 14:15:37 GMT 2023","0","Waku Store, cursor","","","","","Passing a valid cursor at 10 index when there are 40 messages",""
"passed","Wed Nov 08 14:13:24 GMT 2023","Wed Nov 08 14:13:24 GMT 2023","0","ENR","Static tests","","","","should properly compute the node id",""
"passed","Wed Nov 08 14:15:05 GMT 2023","Wed Nov 08 14:15:05 GMT 2023","1","Waku Relay, Subscribe","","","","","Subscribe to topic containing Basic HTML tag and publish message",""
"passed","Wed Nov 08 14:15:37 GMT 2023","Wed Nov 08 14:15:37 GMT 2023","0","Waku Store, cursor","","","","","Passing cursor with wrong pubsubTopic",""
"passed","Wed Nov 08 14:14:15 GMT 2023","Wed Nov 08 14:14:15 GMT 2023","1","This","Is","","","","A test",""
"passed","Wed Nov 08 14:15:47 GMT 2023","Wed Nov 08 14:15:47 GMT 2023","0","Waku Filter V2: Subscribe","","","","","Subscribe to topic containing shell command and receive message",""
"passed","Wed Nov 08 14:14:10 GMT 2023","Wed Nov 08 14:14:10 GMT 2023","0","Waku Filter V2: Ping","","","","","Ping on unsubscribed peer",""
"passed","Wed Nov 08 14:15:47 GMT 2023","Wed Nov 08 14:15:47 GMT 2023","0","Waku Filter V2: Subscribe","","","","","Subscribe to topic containing Russian and receive message",""
"passed","Wed Nov 08 14:14:07 GMT 2023","Wed Nov 08 14:14:07 GMT 2023","2","ConnectionManager","Events","peer:discovery","","","should emit `peer:discovery:bootstrap` event when a peer is discovered",""
"passed","Wed Nov 08 14:14:46 GMT 2023","Wed Nov 08 14:14:46 GMT 2023","0","Waku Relay, multiple pubsub topics","","","","","3 nodes on /waku/2/default-waku/proto topic",""
"passed","Wed Nov 08 14:15:05 GMT 2023","Wed Nov 08 14:15:05 GMT 2023","0","Waku Relay, Publish","","","","","Publish message with custom timestamp: Wed Nov 08 2023 13:14:46 GMT+0000 (Coordinated Universal Time)",""
"passed","Wed Nov 08 14:13:39 GMT 2023","Wed Nov 08 14:13:39 GMT 2023","1","DNS Node Discovery w/ capabilities","","","","","should only return 1 node with relay capability",""
"skipped","Wed Nov 08 14:14:11 GMT 2023","Wed Nov 08 14:14:11 GMT 2023","0","DNS Node Discovery [live data]","","","","","passes more than one ENR URLs and attempts connection",""
"passed","Wed Nov 08 14:15:05 GMT 2023","Wed Nov 08 14:15:05 GMT 2023","0","Waku Relay, Publish","","","","","Check publish message containing Russian",""
"passed","Wed Nov 08 14:15:05 GMT 2023","Wed Nov 08 14:15:05 GMT 2023","0","Waku Relay, Subscribe","","","","","Subscribe to topic containing special chars and publish message",""
"passed","Wed Nov 08 14:15:47 GMT 2023","Wed Nov 08 14:15:47 GMT 2023","1","Waku Filter V2: Subscribe","","","","","Add multiple subscription objects on single nwaku node",""
"passed","Wed Nov 08 14:15:05 GMT 2023","Wed Nov 08 14:15:05 GMT 2023","1","Waku Relay, Publish","","","","","Check publish message containing long",""
"passed","Wed Nov 08 14:14:07 GMT 2023","Wed Nov 08 14:14:07 GMT 2023","1","ConnectionManager","Dials","attemptDial method","","","should be called at least once on all `peer:discovery` events",""
"passed","Wed Nov 08 14:14:40 GMT 2023","Wed Nov 08 14:14:40 GMT 2023","0","Waku Filter V2: Unsubscribe","","","","","Unsubscribes all - node subscribed to 1 topic",""
"passed","Wed Nov 08 14:13:24 GMT 2023","Wed Nov 08 14:13:24 GMT 2023","0","ENR","Verify","","","","should throw error - no public key",""
"skipped","Wed Nov 08 14:13:39 GMT 2023","Wed Nov 08 14:13:39 GMT 2023","0","DNS Node Discovery [live data]","","","","","should retrieve 3 multiaddrs for test.waku.nodes.status.im",""
"passed","Wed Nov 08 14:15:12 GMT 2023","Wed Nov 08 14:15:12 GMT 2023","0","Static Sharding: Running Nodes","","","","","using a protocol with unconfigured pubsub topic should fail",""
"passed","Wed Nov 08 14:13:44 GMT 2023","Wed Nov 08 14:13:44 GMT 2023","0","Ensures content topic is defined","","","","","Encoder throws on empty string content topic",""
"passed","Wed Nov 08 14:13:28 GMT 2023","Wed Nov 08 14:13:28 GMT 2023","0","filterPeers function","","","","","should return all peers when numPeers is 0",""
"passed","Wed Nov 08 14:15:05 GMT 2023","Wed Nov 08 14:15:05 GMT 2023","0","Waku Relay, Publish","","","","","Check publish message containing XML",""
"passed","Wed Nov 08 14:14:10 GMT 2023","Wed Nov 08 14:14:10 GMT 2023","0","Waku Message Ephemeral field","","","","","Ephemeral field is preserved - asymmetric encryption",""
"passed","Wed Nov 08 14:15:47 GMT 2023","Wed Nov 08 14:15:47 GMT 2023","0","Waku Filter V2: Subscribe","","","","","Overlapping topic subscription",""
"passed","Wed Nov 08 14:13:24 GMT 2023","Wed Nov 08 14:13:24 GMT 2023","1","ENR","Location multiaddr","","","","should properly create location multiaddrs - tcp4",""
"passed","Wed Nov 08 14:14:47 GMT 2023","Wed Nov 08 14:14:47 GMT 2023","0","Waku Relay, Interop","","","","","nwaku subscribes",""
"passed","Wed Nov 08 14:16:14 GMT 2023","Wed Nov 08 14:16:14 GMT 2023","0","Waku Light Push","","","","","Fails to push message with large meta",""
"passed","Wed Nov 08 14:16:45 GMT 2023","Wed Nov 08 14:16:45 GMT 2023","0","Decryption Keys","","","","","Used by Waku Relay",""
"passed","Wed Nov 08 14:15:47 GMT 2023","Wed Nov 08 14:15:47 GMT 2023","0","Waku Filter V2: Subscribe","","","","","Subscribe to topic containing short and receive message",""
"skipped","Wed Nov 08 14:15:05 GMT 2023","Wed Nov 08 14:15:05 GMT 2023","0","Waku Relay, Publish","","","","","Check publish message after service node is restarted",""
"passed","Wed Nov 08 14:15:05 GMT 2023","Wed Nov 08 14:15:05 GMT 2023","1","Waku Relay, Subscribe","","","","","Subscribe and publish 10000 messages on the same topic",""
"passed","Wed Nov 08 14:15:05 GMT 2023","Wed Nov 08 14:15:05 GMT 2023","1","Waku Relay, Subscribe","","","","","Mutual subscription",""
"passed","Wed Nov 08 14:13:28 GMT 2023","Wed Nov 08 14:13:28 GMT 2023","0","Waku Message version 0","","","","","Round trip binary serialization",""
"passed","Wed Nov 08 14:15:05 GMT 2023","Wed Nov 08 14:15:05 GMT 2023","1","Waku Relay, Subscribe","","","","","Subscribe one by one to 100 topics and publish messages",""
"passed","Wed Nov 08 14:15:05 GMT 2023","Wed Nov 08 14:15:05 GMT 2023","0","Waku Relay, Subscribe","","","","","Subscribe and publish message",""
"passed","Wed Nov 08 14:16:14 GMT 2023","Wed Nov 08 14:16:14 GMT 2023","1","Waku Light Push","","","","","Push message with Script payload",""
"passed","Wed Nov 08 14:13:44 GMT 2023","Wed Nov 08 14:13:44 GMT 2023","0","Symmetric Encryption","","","","","Check meta is set [symmetric]",""
"passed","Wed Nov 08 14:16:37 GMT 2023","Wed Nov 08 14:16:37 GMT 2023","0","Waku Store, page size","","","","","Passing page size 0 when there are 110 messages",""
"passed","Wed Nov 08 14:16:14 GMT 2023","Wed Nov 08 14:16:14 GMT 2023","1","Waku Light Push","","","","","Push message with SQL Injection payload",""
"passed","Wed Nov 08 14:15:52 GMT 2023","Wed Nov 08 14:15:52 GMT 2023","1","Waku Filter V2: FilterPush","","","","","Check received message containing unicode special characters",""
"passed","Wed Nov 08 14:16:03 GMT 2023","Wed Nov 08 14:16:03 GMT 2023","0","Waku Store, custom pubsub topic","","","","","Generator, custom pubsub topic",""
"passed","Wed Nov 08 14:15:47 GMT 2023","Wed Nov 08 14:15:47 GMT 2023","1","Waku Filter V2: Subscribe","","","","","Subscribe and receive 2 messages on the same topic",""
"passed","Wed Nov 08 14:16:14 GMT 2023","Wed Nov 08 14:16:14 GMT 2023","1","Waku Light Push","","","","","Push message with Basic HTML tag payload",""
"passed","Wed Nov 08 14:16:32 GMT 2023","Wed Nov 08 14:16:32 GMT 2023","1","Waku Store, general","","","","","Callback on promise, aborts when callback returns true",""
"passed","Wed Nov 08 14:13:24 GMT 2023","Wed Nov 08 14:13:24 GMT 2023","0","ENR","Verify","","","","should throw error - no id",""
"passed","Wed Nov 08 14:16:43 GMT 2023","Wed Nov 08 14:16:43 GMT 2023","0","Waku Store, time filter","","","","","msgTime: -19000 ms from now, startTime: -20000, endTime: -19000",""
"passed","Wed Nov 08 14:13:23 GMT 2023","Wed Nov 08 14:13:23 GMT 2023","1","ENR waku2 codec","Decoding","","","","should be able to decode the field with only FILTER set to true",""
"passed","Wed Nov 08 14:16:45 GMT 2023","Wed Nov 08 14:16:45 GMT 2023","0","Waku Dial [node only]","Bootstrap","","","","Passing an array",""
"passed","Wed Nov 08 14:15:47 GMT 2023","Wed Nov 08 14:15:47 GMT 2023","1","Waku Filter V2: Subscribe","","","","","Subscribe to topic containing XML and receive message",""
"passed","Wed Nov 08 14:15:47 GMT 2023","Wed Nov 08 14:15:47 GMT 2023","1","Waku Filter V2: Subscribe","","","","","Subscribe and receive symmetrically encrypted messages via lightPush",""
"passed","Wed Nov 08 14:13:24 GMT 2023","Wed Nov 08 14:13:24 GMT 2023","0","ENR","Txt codec","","","","should encodeTxt and decodeTxt",""
"passed","Wed Nov 08 14:16:37 GMT 2023","Wed Nov 08 14:16:37 GMT 2023","0","Waku Store, page size","","","","","Passing page size 3 when there are 20 messages",""
"passed","Wed Nov 08 14:16:14 GMT 2023","Wed Nov 08 14:16:14 GMT 2023","1","Waku Light Push","","","","","Push message with content topic containing Chinese",""
"passed","Wed Nov 08 14:13:28 GMT 2023","Wed Nov 08 14:13:28 GMT 2023","0","Waku Message version 0","","","","","Ephemeral field set to true",""
"passed","Wed Nov 08 14:16:14 GMT 2023","Wed Nov 08 14:16:14 GMT 2023","1","Waku Light Push","","","","","Push message with JSON payload",""
"passed","Wed Nov 08 14:15:12 GMT 2023","Wed Nov 08 14:15:12 GMT 2023","0","Static Sharding: Running Nodes","","","","","configure the node with multiple pubsub topics",""
"passed","Wed Nov 08 14:13:23 GMT 2023","Wed Nov 08 14:13:23 GMT 2023","0","Relay Shard codec","","","","","should correctly encode and decode relay shards using rsv format (Bit Vector)",""
"passed","Wed Nov 08 14:16:14 GMT 2023","Wed Nov 08 14:16:14 GMT 2023","0","Waku Light Push","","","","","Push message with custom timestamp: 1668694451069",""
"passed","Wed Nov 08 14:13:28 GMT 2023","Wed Nov 08 14:13:28 GMT 2023","2","to proto message","","","","","Fields are not dropped",""
"passed","Wed Nov 08 14:13:23 GMT 2023","Wed Nov 08 14:13:23 GMT 2023","0","Relay Shard codec","","","","","should correctly encode and decode relay shards using rs format (Index List)",""
"passed","Wed Nov 08 14:13:24 GMT 2023","Wed Nov 08 14:13:24 GMT 2023","1","ENR","Multiaddr getters and setters","","","","should get / set TCP multiaddr",""
"passed","Wed Nov 08 14:16:43 GMT 2023","Wed Nov 08 14:16:43 GMT 2023","1","Waku Store, time filter","","","","","msgTime: -19000 ms from now, startTime: -18999, endTime: -18996",""
"passed","Wed Nov 08 14:13:39 GMT 2023","Wed Nov 08 14:13:39 GMT 2023","0","DNS Node Discovery w/ capabilities","","","","","should only return 1 node with store capability",""
"passed","Wed Nov 08 14:15:05 GMT 2023","Wed Nov 08 14:15:05 GMT 2023","0","Waku Relay, Subscribe","","","","","Subscribe to topic containing XML and publish message",""
"passed","Wed Nov 08 14:15:52 GMT 2023","Wed Nov 08 14:15:52 GMT 2023","1","Waku Filter V2: FilterPush","","","","","Check received message with timestamp: undefined ",""
"passed","Wed Nov 08 14:13:39 GMT 2023","Wed Nov 08 14:13:39 GMT 2023","1","DNS Node Discovery w/ capabilities","","","","","retrieves all peers (2) when cannot fulfill all requirements",""
"passed","Wed Nov 08 14:13:39 GMT 2023","Wed Nov 08 14:13:39 GMT 2023","0","ENRTree","","","","","ENRTree (tree): should error if DNS tree entry is misformatted",""
"passed","Wed Nov 08 14:16:32 GMT 2023","Wed Nov 08 14:16:32 GMT 2023","1","Waku Store, general","","","","","Ordered callback, aborts when callback returns true",""
"passed","Wed Nov 08 14:13:38 GMT 2023","Wed Nov 08 14:13:38 GMT 2023","0","Discovery","","","","","returns a subset of values when wanted number is lesser than available values",""
"passed","Wed Nov 08 14:15:52 GMT 2023","Wed Nov 08 14:15:52 GMT 2023","0","Waku Filter V2: FilterPush","","","","","Check received message containing Russian",""
"passed","Wed Nov 08 14:15:52 GMT 2023","Wed Nov 08 14:15:52 GMT 2023","0","Waku Filter V2: FilterPush","","","","","Check received message containing numeric",""
"passed","Wed Nov 08 14:16:19 GMT 2023","Wed Nov 08 14:16:19 GMT 2023","1","Waku Store, order","","","","","Query Generator  - backward",""
"passed","Wed Nov 08 14:15:05 GMT 2023","Wed Nov 08 14:15:05 GMT 2023","1","Waku Relay, Subscribe","","","","","Subscribe to topic containing Russian and publish message",""
"passed","Wed Nov 08 14:15:52 GMT 2023","Wed Nov 08 14:15:52 GMT 2023","1","Waku Filter V2: FilterPush","","","","","Check message with invalid timestamp is not received",""
"passed","Wed Nov 08 14:13:23 GMT 2023","Wed Nov 08 14:13:23 GMT 2023","0","ENR waku2 codec","Decoding","","","","should be able to decode the field with only RELAY set to true",""
"passed","Wed Nov 08 14:14:15 GMT 2023","Wed Nov 08 14:14:15 GMT 2023","0","Waku Filter V2: Multiple PubsubTopics","","","","","Subscribe and receive messages from 2 nwaku nodes each with different pubsubtopics",""
"passed","Wed Nov 08 14:16:45 GMT 2023","Wed Nov 08 14:16:45 GMT 2023","1","Waku Dial [node only]","Interop: NimGoNode","","","","Does not throw an exception when node disconnects",""
"passed","Wed Nov 08 14:16:14 GMT 2023","Wed Nov 08 14:16:14 GMT 2023","1","Waku Light Push","","","","","Push message equal or less that 1MB",""
"passed","Wed Nov 08 14:15:52 GMT 2023","Wed Nov 08 14:15:52 GMT 2023","0","Waku Filter V2: FilterPush","","","","","Check received message containing JSON",""
"passed","Wed Nov 08 14:13:28 GMT 2023","Wed Nov 08 14:13:28 GMT 2023","1","filterPeers function","","","","","should return one bootstrap peer, and all non-boostrap peers, when numPeers is 0 & maxBootstrap is 1",""
"passed","Wed Nov 08 14:15:37 GMT 2023","Wed Nov 08 14:15:37 GMT 2023","0","Waku Store, cursor","","","","","Reusing cursor across nodes",""
"passed","Wed Nov 08 14:13:39 GMT 2023","Wed Nov 08 14:13:39 GMT 2023","0","Fetch nodes until capabilities are fulfilled","","","","","1 Relay, 1 fetch",""
"passed","Wed Nov 08 14:15:37 GMT 2023","Wed Nov 08 14:15:37 GMT 2023","0","Waku Store, cursor","","","","","Passing a valid cursor at 19 index when there are 50 messages",""
"passed","Wed Nov 08 14:15:05 GMT 2023","Wed Nov 08 14:15:05 GMT 2023","0","Waku Relay, Publish","","","","","Check publish message containing escaped characters",""
"passed","Wed Nov 08 14:13:24 GMT 2023","Wed Nov 08 14:13:24 GMT 2023","0","ENR","Location multiaddr","","","","should properly create location multiaddrs - udp",""
"passed","Wed Nov 08 14:16:14 GMT 2023","Wed Nov 08 14:16:14 GMT 2023","0","Waku Light Push","","","","","Fails to push message bigger that 1MB",""
"passed","Wed Nov 08 14:15:52 GMT 2023","Wed Nov 08 14:15:52 GMT 2023","0","Waku Filter V2: FilterPush","","","","","Check received message containing long",""
"passed","Wed Nov 08 14:16:32 GMT 2023","Wed Nov 08 14:16:32 GMT 2023","0","Peer Exchange","Compliance Test","interface-peer-discovery compliance tests","","","should not fail to stop the service if it was not started",""
"passed","Wed Nov 08 14:16:14 GMT 2023","Wed Nov 08 14:16:14 GMT 2023","1","Waku Light Push","","","","","Push message with content topic containing emoji",""
"passed","Wed Nov 08 14:14:07 GMT 2023","Wed Nov 08 14:14:07 GMT 2023","8","ConnectionManager","Dials","dialPeer method > For peer-exchange peers","","","should be called for every peer with PEER_EXCHANGE tags",""
"passed","Wed Nov 08 14:16:49 GMT 2023","Wed Nov 08 14:16:49 GMT 2023","0","Wait for remote peer","","","","","LightPush",""
"passed","Wed Nov 08 14:15:05 GMT 2023","Wed Nov 08 14:15:05 GMT 2023","0","Waku Relay, Publish","","","","","Fails to publish message with wrong pubsubtopic",""
"passed","Wed Nov 08 14:14:07 GMT 2023","Wed Nov 08 14:14:07 GMT 2023","3","ConnectionManager","Events","peer:connect","","","should emit `peer:connected:bootstrap` event when a peer is connected",""
"passed","Wed Nov 08 14:13:44 GMT 2023","Wed Nov 08 14:13:44 GMT 2023","2","Symmetric Encryption","","","","","Round trip binary encryption [symmetric, no signature]",""
"passed","Wed Nov 08 14:13:39 GMT 2023","Wed Nov 08 14:13:39 GMT 2023","1","ENRTree","","","","","ENRTree (branch): should parse and verify a single component DNS branch entry",""
"passed","Wed Nov 08 14:13:23 GMT 2023","Wed Nov 08 14:13:23 GMT 2023","1","ENR waku2 codec","Encoding","","","","should be able to encode the field with only STORE set to true",""
"passed","Wed Nov 08 14:16:14 GMT 2023","Wed Nov 08 14:16:14 GMT 2023","1","Waku Light Push","","","","","Push message with rate limit",""
"passed","Wed Nov 08 14:16:14 GMT 2023","Wed Nov 08 14:16:14 GMT 2023","8","Waku Light Push","","","","","Push message with content topic containing Script",""
"passed","Wed Nov 08 14:15:52 GMT 2023","Wed Nov 08 14:15:52 GMT 2023","0","Waku Filter V2: FilterPush","","","","","Check received message containing escaped characters",""
"passed","Wed Nov 08 14:16:51 GMT 2023","Wed Nov 08 14:16:51 GMT 2023","0","Util: toAsyncIterator: Filter","","","","","unsubscribes",""
"passed","Wed Nov 08 14:15:05 GMT 2023","Wed Nov 08 14:15:05 GMT 2023","0","Waku Relay, Subscribe","","","","","Subscribe to topic containing JSON and publish message",""
"passed","Wed Nov 08 14:16:37 GMT 2023","Wed Nov 08 14:16:37 GMT 2023","0","Waku Store, page size","","","","","Passing page size 1 when there are 4 messages",""
"passed","Wed Nov 08 14:13:24 GMT 2023","Wed Nov 08 14:13:24 GMT 2023","0","ENR","Txt codec","","","","should throw error - no public key",""
"passed","Wed Nov 08 14:14:11 GMT 2023","Wed Nov 08 14:14:11 GMT 2023","0","DNS Discovery: Compliance Test","interface-peer-discovery compliance tests","","","","can start the service",""
"passed","Wed Nov 08 14:13:39 GMT 2023","Wed Nov 08 14:13:39 GMT 2023","1","ENRTree","","","","","ENRTree (root): should parse and verify and DNS root entry",""
"passed","Wed Nov 08 14:16:14 GMT 2023","Wed Nov 08 14:16:14 GMT 2023","1","Waku Light Push","","","","","Push message with content topic containing long",""
"passed","Wed Nov 08 14:13:39 GMT 2023","Wed Nov 08 14:13:39 GMT 2023","1","DNS Node Discovery","","","","","ignores unrecognized TXT record formats",""
"passed","Wed Nov 08 14:16:26 GMT 2023","Wed Nov 08 14:16:26 GMT 2023","1","Waku Store, sorting","","","","","Query Generator sorting by timestamp while page direction is forward",""
"passed","Wed Nov 08 14:13:39 GMT 2023","Wed Nov 08 14:13:39 GMT 2023","0","DNS Node Discovery","","","","","retrieves a single peer",""
"passed","Wed Nov 08 14:13:24 GMT 2023","Wed Nov 08 14:13:24 GMT 2023","0","ENR","Static tests","","","","should encode/decode to RLP encoding",""
"passed","Wed Nov 08 14:15:05 GMT 2023","Wed Nov 08 14:15:05 GMT 2023","0","Waku Relay, Publish","","","","","Publish message with large meta",""
"passed","Wed Nov 08 14:15:05 GMT 2023","Wed Nov 08 14:15:05 GMT 2023","0","Waku Relay, Subscribe","","","","","Subscribe to topic containing SQL Injection and publish message",""
"passed","Wed Nov 08 14:13:24 GMT 2023","Wed Nov 08 14:13:24 GMT 2023","0","ENR","Waku2 key: decode","","","","Relay + Store",""
"passed","Wed Nov 08 14:13:39 GMT 2023","Wed Nov 08 14:13:39 GMT 2023","2","ENRTree","","","","","ENRTree (tree): should parse a DNS tree entry",""
"passed","Wed Nov 08 14:13:44 GMT 2023","Wed Nov 08 14:13:44 GMT 2023","1","Ensures content topic is defined","","","","","Decoder throws on undefined content topic",""
"passed","Wed Nov 08 14:16:14 GMT 2023","Wed Nov 08 14:16:14 GMT 2023","0","Waku Light Push","","","","","Push message with unicode special characters payload",""
"passed","Wed Nov 08 14:14:11 GMT 2023","Wed Nov 08 14:14:11 GMT 2023","0","DNS Discovery: Compliance Test","interface-peer-discovery compliance tests","","","","can start and stop the service",""
"passed","Wed Nov 08 14:16:14 GMT 2023","Wed Nov 08 14:16:14 GMT 2023","0","Waku Light Push","","","","","Push message with custom timestamp: 1699449251069",""
"passed","Wed Nov 08 14:13:28 GMT 2023","Wed Nov 08 14:13:28 GMT 2023","0","Ensures content topic is defined","","","","","Encoder throws on undefined content topic",""
"passed","Wed Nov 08 14:15:47 GMT 2023","Wed Nov 08 14:15:47 GMT 2023","0","Waku Filter V2: Subscribe","","","","","Subscribe to topic containing Script and receive message",""
"passed","Wed Nov 08 14:15:52 GMT 2023","Wed Nov 08 14:15:52 GMT 2023","0","Waku Filter V2: FilterPush","","","","","Check received message with extra option is received",""
"passed","Wed Nov 08 14:15:05 GMT 2023","Wed Nov 08 14:15:05 GMT 2023","1","Waku Relay, Publish","","","","","Publish message with rate limit",""
"passed","Wed Nov 08 14:14:47 GMT 2023","Wed Nov 08 14:14:47 GMT 2023","0","Waku Relay, Interop","","","","","Nwaku publishes",""
"passed","Wed Nov 08 14:15:05 GMT 2023","Wed Nov 08 14:15:05 GMT 2023","0","Waku Relay, Subscribe","","","","","Subscribe to topic containing Chinese and publish message",""
"passed","Wed Nov 08 14:14:27 GMT 2023","Wed Nov 08 14:14:27 GMT 2023","0","Waku Relay","","","","","Decrypt messages",""
"passed","Wed Nov 08 14:14:47 GMT 2023","Wed Nov 08 14:14:47 GMT 2023","0","Waku Relay, Interop","","","","","Publishes to nwaku",""
"passed","Wed Nov 08 14:16:43 GMT 2023","Wed Nov 08 14:16:43 GMT 2023","0","Waku Store, time filter","","","","","Timestamp too far from node time: 40000 ms from now",""
"passed","Wed Nov 08 14:13:23 GMT 2023","Wed Nov 08 14:13:23 GMT 2023","1","Multiaddr from fields","","","","","tcp ip4 address",""
"passed","Wed Nov 08 14:16:14 GMT 2023","Wed Nov 08 14:16:14 GMT 2023","0","Waku Light Push","","","","","Push message with custom timestamp: 1699456451069",""
"passed","Wed Nov 08 14:16:11 GMT 2023","Wed Nov 08 14:16:11 GMT 2023","1","Waku Store, error handling","","","","","Query Generator, Wrong PubsubTopic",""
"passed","Wed Nov 08 14:16:14 GMT 2023","Wed Nov 08 14:16:14 GMT 2023","1","Waku Light Push","","","","","Push message with content topic containing special chars",""
"passed","Wed Nov 08 14:16:19 GMT 2023","Wed Nov 08 14:16:19 GMT 2023","0","Waku Store, order","","","","","Promise Callback  - forward",""
"passed","Wed Nov 08 14:13:23 GMT 2023","Wed Nov 08 14:13:23 GMT 2023","2","ENR waku2 codec","Encoding","","","","should be able to encode the field with only RELAY set to true",""
"passed","Wed Nov 08 14:13:23 GMT 2023","Wed Nov 08 14:13:23 GMT 2023","1","ENR waku2 codec","Encoding","","","","should be able to encode the field with RELAY and FILTER protocols set to true",""
"passed","Wed Nov 08 14:16:43 GMT 2023","Wed Nov 08 14:16:43 GMT 2023","0","Waku Store, time filter","","","","","Timestamp too far from node time: -20000 ms from now",""
"passed","Wed Nov 08 14:16:14 GMT 2023","Wed Nov 08 14:16:14 GMT 2023","1","Waku Light Push","","","","","Push message with short payload",""
"passed","Wed Nov 08 14:16:14 GMT 2023","Wed Nov 08 14:16:14 GMT 2023","1","Waku Light Push","","","","","Push message with content topic containing Basic HTML tag",""
"passed","Wed Nov 08 14:13:39 GMT 2023","Wed Nov 08 14:13:39 GMT 2023","0","Fetch nodes until capabilities are fulfilled","","","","","1 Store, 2 fetches",""
"passed","Wed Nov 08 14:16:14 GMT 2023","Wed Nov 08 14:16:14 GMT 2023","1","Waku Light Push","","","","","Push message with content topic containing Russian",""
"passed","Wed Nov 08 14:16:14 GMT 2023","Wed Nov 08 14:16:14 GMT 2023","1","Waku Light Push","","","","","Push message with emoji payload",""
"passed","Wed Nov 08 14:15:05 GMT 2023","Wed Nov 08 14:15:05 GMT 2023","0","Waku Relay, Publish","","","","","Check publish message containing numeric",""
"passed","Wed Nov 08 14:16:11 GMT 2023","Wed Nov 08 14:16:11 GMT 2023","1","Waku Store, error handling","","","","","Query with Ordered Callback, No Decoder",""
"passed","Wed Nov 08 14:15:47 GMT 2023","Wed Nov 08 14:15:47 GMT 2023","1","Waku Filter V2: Subscribe","","","","","Subscribe and receive messages on 2 different content topics",""
"passed","Wed Nov 08 14:13:45 GMT 2023","Wed Nov 08 14:13:45 GMT 2023","1","Waku Payload","","","","","Sign & Recover",""
"passed","Wed Nov 08 14:15:52 GMT 2023","Wed Nov 08 14:15:52 GMT 2023","0","Waku Filter V2: FilterPush","","","","","Check message on other pubsub topic is not received",""
"passed","Wed Nov 08 14:13:24 GMT 2023","Wed Nov 08 14:13:24 GMT 2023","0","ENR","waku2 key round trip","","","","should set field with only LIGHTPUSH enabled",""
"passed","Wed Nov 08 14:14:40 GMT 2023","Wed Nov 08 14:14:40 GMT 2023","1","Waku Filter V2: Unsubscribe","","","","","Unsubscribes all - node subscribed to 10 topics",""
"passed","Wed Nov 08 14:15:37 GMT 2023","Wed Nov 08 14:15:37 GMT 2023","1","Waku Store, cursor","","","","","Passing cursor with wrong message digest",""
"passed","Wed Nov 08 14:16:32 GMT 2023","Wed Nov 08 14:16:32 GMT 2023","1","Waku Store, general","","","","","Query generator for 2000 messages",""
